0	-0.5	-1.25	0
0.05	-0.499323924	-1.248861469	0
0.1	-0.495002947	-1.241584827	0
0.15	-0.484464844	-1.223838373	0
0.2	-0.466188168	-1.193059953	0
0.25	-0.439570909	-1.148235764	0
0.3	-0.404799143	-1.089679163	0
0.35	-0.362715686	-1.018809474	0
0.4	-0.314688742	-0.937930793	0
0.45	-0.262480561	-0.850010794	0
0.5	-0.208116088	-0.75845954	0
0.55	-0.153751615	-0.666908286	0
0.6	-0.101543434	-0.578988287	0
0.65	-0.053516491	-0.498109605	0
0.7	-0.011433033	-0.427239916	0
0.75	0.023338732	-0.368683315	0
0.8	0.049955991	-0.323859126	0
0.85	0.068232667	-0.293080706	0
0.9	0.078770771	-0.275334252	0
0.95	0.083091747	-0.26805761	0
1	0.083767823	-0.266919079	0
