0	1.25	-0.75	0
0.05	1.24962893	-0.749501586	0
0.1	1.247257327	-0.746316094	0
0.15	1.241473404	-0.738547238	0
0.2	1.231442103	-0.725073385	0
0.25	1.216833006	-0.705450722	0
0.3	1.197748241	-0.679816429	0
0.35	1.174650396	-0.648791841	0
0.4	1.14829042	-0.613385622	0
0.45	1.119635539	-0.574896929	0
0.5	1.089797159	-0.534818583	0
0.55	1.059958779	-0.494740237	0
0.6	1.031303898	-0.456251544	0
0.65	1.004943922	-0.420845325	0
0.7	0.981846076	-0.389820737	0
0.75	0.962761312	-0.364186444	0
0.8	0.948152215	-0.344563782	0
0.85	0.938120914	-0.331089928	0
0.9	0.93233699	-0.323321072	0
0.95	0.929965388	-0.32013558	0
1	0.929594318	-0.319637167	0
