0	0	-2	0
0.05	-0.000264663	-1.999785406	0
0.1	-0.00195619	-1.998413879	0
0.15	-0.006081529	-1.995068965	0
0.2	-0.013236278	-1.989267741	0
0.25	-0.023656105	-1.98081912	0
0.3	-0.037268167	-1.969782167	0
0.35	-0.053742529	-1.9564244	0
0.4	-0.07254358	-1.941180103	0
0.45	-0.092981455	-1.924608634	0
0.5	-0.114263452	-1.907352733	0
0.55	-0.135545448	-1.890096832	0
0.6	-0.155983323	-1.873525362	0
0.65	-0.174784374	-1.858281065	0
0.7	-0.191258736	-1.844923298	0
0.75	-0.204870798	-1.833886345	0
0.8	-0.215290625	-1.825437725	0
0.85	-0.222445374	-1.8196365	0
0.9	-0.226570713	-1.816291587	0
0.95	-0.22826224	-1.81492006	0
1	-0.228526903	-1.814705465	0
