0	2.875	-2.125	0
0.05	2.874255048	-2.123987837	0
0.1	2.869493869	-2.117518845	0
0.15	2.857882189	-2.101742109	0
0.2	2.837743564	-2.074379851	0
0.25	2.808414654	-2.034530795	0
0.3	2.770100491	-1.982473518	0
0.35	2.723729753	-1.919469808	0
0.4	2.670810031	-1.847568024	0
0.45	2.613283106	-1.769406455	0
0.5	2.553380216	-1.688016672	0
0.55	2.493477325	-1.606626888	0
0.6	2.4359504	-1.528465319	0
0.65	2.383030678	-1.456563536	0
0.7	2.33665994	-1.393559825	0
0.75	2.298345777	-1.341502548	0
0.8	2.269016867	-1.301653492	0
0.85	2.248878242	-1.274291235	0
0.9	2.237266562	-1.258514498	0
0.95	2.232505383	-1.252045506	0
1	2.231760431	-1.251033343	0
