0	0.084473274	-0.265780024	0
0.05	0.088981993	-0.258500028	0
0.1	0.099977966	-0.240745394	0
0.15	0.119048745	-0.209952787	0
0.2	0.146822497	-0.165107938	0
0.25	0.18310506	-0.106524347	0
0.3	0.227017001	-0.035621992	0
0.35	0.277130666	0.045293969	0
0.4	0.331607239	0.133254492	0
0.45	0.388333793	0.224847945	0
0.5	0.445060347	0.316441397	2.481242756
0.55	0.49953692	0.404401921	2.496621861
0.6	0.549650586	0.485317881	2.510769287
0.65	0.593562527	0.556220236	2.523165925
0.7	0.62984509	0.614803827	2.533408738
0.75	0.657618841	0.659648677	2.541249455
0.8	0.67668962	0.690441284	2.546633265
0.85	0.687685594	0.708195917	2.549737503
0.9	0.692194312	0.715475913	2.551010345
0.95	0.692899763	0.716614969	2.551209498
1	0.693679299	0.717745523	2.550099653
