0	0.929745175	-0.319102367	0
0.05	0.930709342	-0.315684324	0
0.1	0.933060777	-0.307348317	0
0.15	0.93713897	-0.292890831	0
0.2	0.94307825	-0.271835653	0
0.25	0.950837098	-0.244329977	0
0.3	0.960227451	-0.211040499	0
0.35	0.970944012	-0.173049516	0
0.4	0.98259356	-0.131751028	0
0.45	0.994724255	-0.088746839	0
0.5	1.006854949	-0.04574265	2.191867755
0.55	1.018504497	-0.004444163	2.17911915
0.6	1.029221058	0.03354682	2.167391553
0.65	1.038611411	0.066836299	2.157115284
0.7	1.046370259	0.094341975	2.148624441
0.75	1.052309539	0.115397153	2.142124829
0.8	1.056387732	0.129854639	2.137661887
0.85	1.058739167	0.138190646	2.135088609
0.9	1.059703334	0.141608688	2.134033479
0.95	1.059854191	0.142143488	2.13386839
1	1.060366669	0.142818638	2.13405413
