0	2.231269731	-1.250011835	0
0.05	2.228133537	-1.243483113	0
0.1	2.220484912	-1.227560706	0
0.15	2.207219579	-1.199945806	0
0.2	2.187900596	-1.159728814	0
0.25	2.162663018	-1.107190879	0
0.3	2.132118565	-1.043605441	0
0.35	2.097260291	-0.971039771	0
0.4	2.059367247	-0.892156517	0
0.45	2.019909152	-0.810015242	0
0.5	1.980451056	-0.727873967	1.586809023
0.55	1.942558012	-0.648990713	1.593608054
0.6	1.907699738	-0.576425044	1.599862566
0.65	1.877155286	-0.512839605	1.605343062
0.7	1.851917707	-0.46030167	1.609871362
0.75	1.832598724	-0.420084678	1.613337707
0.8	1.819333392	-0.392469778	1.615717864
0.85	1.811684766	-0.376547371	1.617090233
0.9	1.808548573	-0.370018649	1.61765295
0.95	1.808057872	-0.368997141	1.617740995
1	1.807930823	-0.367955685	1.617648133
