0	-0.227912148	-1.814175072	0
0.05	-0.223983092	-1.810785188	0
0.1	-0.214400812	-1.802517857	0
0.15	-0.197781861	-1.788179477	0
0.2	-0.173578832	-1.767297761	0
0.25	-0.141960924	-1.740018689	0
0.3	-0.103694506	-1.707003463	0
0.35	-0.060023687	-1.669325465	0
0.4	-0.012550876	-1.628367212	0
0.45	0.036882649	-1.58571731	0
0.5	0.086316173	-1.543067407	1.954541931
0.55	0.133788984	-1.502109154	2.000169559
0.6	0.177459804	-1.464431157	2.042142972
0.65	0.215726221	-1.431415931	2.078922043
0.7	0.247344129	-1.404136858	2.109311019
0.75	0.271547158	-1.383255142	2.13257332
0.8	0.288166109	-1.368916762	2.148546322
0.85	0.297748389	-1.360649431	2.157756156
0.9	0.301677446	-1.357259548	2.161532497
0.95	0.302292201	-1.356729154	2.162123358
1	0.30320205	-1.355781876	2.162242047
