0	1.063642046	0.147133695	2.135241242
0.05	1.071630117	0.157657361	2.138136399
0.1	1.085484164	0.175908997	2.143157592
0.15	1.105660522	0.20248979	2.150470213
0.2	1.132018142	0.237213917	2.16002314
0.25	1.163918154	0.279239719	2.171584825
0.3	1.200323436	0.327200864	2.184779378
0.35	1.23989817	0.379337518	2.199122651
0.4	1.281107412	0.43362751	2.214058328
0.45	1.322316654	0.487917502	2.228994005
0.5	1.361891388	0.540054156	2.243337278
0.55	1.398296669	0.588015302	2.256531831
0.6	1.430196682	0.630041104	2.268093516
0.65	1.456554301	0.664765231	2.277646443
0.7	1.476730659	0.691346023	2.284959064
0.75	1.490584706	0.70959766	2.289980257
0.8	1.498572777	0.720121326	2.292875414
0.85	1.501848154	0.724436383	2.294062526
0.9	1.502360632	0.725111532	2.294248266
0.95	1.503108696	0.72539964	2.294301406
1	1.507889762	0.727241011	2.294641038
