0	0.698661509	0.724971185	2.54300635
0.05	0.710812245	0.742593308	2.525707026
0.1	0.731885778	0.773156096	2.495704082
0.15	0.762576242	0.817666248	2.452009259
0.2	0.802669087	0.875812603	2.394928019
0.25	0.851192524	0.946185782	2.325843925
0.3	0.90656897	1.02649783	2.247003019
0.35	0.966766503	1.113801864	2.161298205
0.4	1.029450303	1.204711713	2.072053627
0.45	1.092134103	1.295621562	1.982809049
0.5	1.152331636	1.382925597	1.897104235
0.55	1.207708083	1.463237645	1.818263329
0.6	1.256231519	1.533610824	1.749179235
0.65	1.296324364	1.591757179	1.692097995
0.7	1.327014828	1.636267331	1.648403172
0.75	1.348088361	1.666830119	1.618400228
0.8	1.360239097	1.684452242	1.601100904
0.85	1.365221307	1.691677904	1.594007601
0.9	1.366000843	1.692808458	1.592897756
0.95	1.366438656	1.692883261	1.591898308
1	1.369236831	1.693361343	1.585510576
