0	0.309017128	-1.349727579	2.163000617
0.05	0.323199086	-1.334962209	2.164850637
0.1	0.347795451	-1.309354009	2.168059204
0.15	0.383616395	-1.272059475	2.172732005
0.2	0.430411503	-1.223339328	2.178836373
0.25	0.487046532	-1.16437447	2.186224346
0.3	0.551680179	-1.097081949	2.194655731
0.35	0.621940846	-1.023930925	2.203821154
0.4	0.695103406	-0.947758632	2.213365125
0.45	0.768265966	-0.871586338	2.222909096
0.5	0.838526633	-0.798435314	2.232074519
0.55	0.90316028	-0.731142793	2.240505903
0.6	0.959795309	-0.672177935	2.247893877
0.65	1.006590417	-0.623457788	2.253998245
0.7	1.042411361	-0.586163254	2.258671045
0.75	1.067007726	-0.560555054	2.261879613
0.8	1.081189684	-0.545789684	2.263729633
0.85	1.087004762	-0.539735387	2.264488203
0.9	1.087914611	-0.538788109	2.264606892
0.95	1.088971779	-0.537689823	2.264090986
1	1.095728406	-0.530670394	2.260793703
