0	1.807118821	-0.361299472	1.617054625
0.05	1.80513849	-0.345066135	1.615607163
0.1	1.801703919	-0.316911976	1.613096769
0.15	1.796701977	-0.275909634	1.609440754
0.2	1.790167632	-0.222345748	1.604664676
0.25	1.782259267	-0.157518624	1.5988843
0.3	1.773233996	-0.083535905	1.592287556
0.35	1.763422982	-0.003112233	1.585116499
0.4	1.753206756	0.080633082	1.577649263
0.45	1.74299053	0.164378397	1.570182028
0.5	1.733179517	0.244802069	1.56301097
0.55	1.724154246	0.318784788	1.556414227
0.6	1.71624588	0.383611911	1.550633851
0.65	1.709711535	0.437175798	1.545857773
0.7	1.704709593	0.47817814	1.542201758
0.75	1.701275022	0.506332298	1.539691364
0.8	1.699294691	0.522565635	1.538243902
0.85	1.698482689	0.529221849	1.537650394
0.9	1.69835564	0.530263305	1.537557532
0.95	1.698715209	0.531324409	1.536983563
1	1.701013309	0.5381062	1.533315182
