0	1.519549943	0.73173179	2.295469342
0.05	1.539772686	0.739520338	2.296905903
0.1	1.569224101	0.750863198	2.29899804
0.15	1.6076983	0.765681076	2.301731128
0.2	1.654262726	0.783614808	2.305038921
0.25	1.707403489	0.804081337	2.308813876
0.3	1.7651707	0.826329688	2.31291748
0.35	1.825323802	0.849496936	2.317190571
0.4	1.885476903	0.872664184	2.321463661
0.45	1.943244114	0.894912534	2.325567265
0.5	1.996384878	0.915379064	2.32934222
0.55	2.042949304	0.933312796	2.332650013
0.6	2.081423503	0.948130674	2.335383101
0.65	2.110874918	0.959473534	2.337475239
0.7	2.131097661	0.967262082	2.3389118
0.75	2.142757842	0.971752861	2.339740103
0.8	2.147538908	0.973594231	2.340079735
0.85	2.148286972	0.973882339	2.340132875
0.9	2.14714353	0.9744204	2.338986007
0.95	2.139835503	0.977859284	2.331656078
1	2.122012506	0.986246118	2.313779668
