0	1.376061091	1.694527302	1.56993202
0.05	1.387896692	1.696549473	1.542913474
0.1	1.405133483	1.699494465	1.503564984
0.15	1.427650966	1.70334169	1.452161626
0.2	1.45490335	1.707997896	1.38994934
0.25	1.486004615	1.713311703	1.318950754
0.3	1.519813562	1.719088131	1.241771015
0.35	1.555018881	1.725103136	1.161403613
0.4	1.590224199	1.73111814	1.081036211
0.45	1.624033147	1.736894568	1.003856471
0.5	1.655134411	1.742208375	0.932857886
0.55	1.682386795	1.746864581	0.8706456
0.6	1.704904278	1.750711806	0.819242242
0.65	1.722141069	1.753656798	0.779893751
0.7	1.73397667	1.755678969	0.752875206
0.75	1.74080093	1.756844928	0.73729665
0.8	1.743599106	1.757323011	0.730908918
0.85	1.744036919	1.757397813	0.72990947
0.9	1.745087768	1.758431823	0.729087115
0.95	1.751804021	1.765040446	0.723831235
1	1.768183782	1.781157717	0.711013064
