0	1.112206634	-0.513551237	2.252752208
0.05	1.140785519	-0.483860765	2.238805505
0.1	1.18240641	-0.44062101	2.218494207
0.15	1.236778347	-0.384134254	2.191960307
0.2	1.302583434	-0.315769649	2.159846947
0.25	1.377682235	-0.237749847	2.123198186
0.3	1.459319156	-0.152937622	2.083358775
0.35	1.54432783	-0.0646225	2.041873925
0.4	1.629336503	0.023692623	2.000389075
0.45	1.710973424	0.108504848	1.960549664
0.5	1.786072225	0.18652465	1.923900904
0.55	1.851877313	0.254889255	1.891787543
0.6	1.906249249	0.311376011	1.865253643
0.65	1.947870141	0.354615766	1.844942345
0.7	1.976449025	0.384306238	1.830995642
0.75	1.992927254	0.401425395	1.822954147
0.8	1.999683881	0.408444824	1.819656864
0.85	2.000741048	0.40954311	1.819140959
0.9	2.00078562	0.410680005	1.81832721
0.95	2.001070488	0.417946191	1.813126332
1	2.001765233	0.435667145	1.800442303
