0	1.706617972	0.5546458	1.524368645
0.05	1.716338374	0.583331123	1.50885229
0.1	1.730494693	0.625107026	1.486255027
0.15	1.748987964	0.679681463	1.456734831
0.2	1.77136994	0.745731632	1.421007225
0.25	1.796912943	0.821110129	1.380233775
0.3	1.824679726	0.903051096	1.33591058
0.35	1.853593328	0.988376373	1.289756756
0.4	1.882506929	1.073701649	1.243602933
0.45	1.910273712	1.155642616	1.199279737
0.5	1.935816715	1.231021113	1.158506288
0.55	1.958198691	1.297071282	1.122778682
0.6	1.976691963	1.351645719	1.093258485
0.65	1.990848281	1.393421623	1.070661223
0.7	2.000568683	1.422106945	1.055144868
0.75	2.006173346	1.438646545	1.04619833
0.8	2.008471446	1.445428336	1.04252995
0.85	2.008831015	1.44648944	1.041955981
0.9	2.008225999	1.447197774	1.041275329
0.95	2.004359187	1.451724914	1.036925108
1	1.994928711	1.462765816	1.026315681
