0	2.091101333	1.000791757	2.282775859
0.05	2.04608381	1.021975316	2.237623424
0.1	1.987274645	1.049648705	2.178638016
0.15	1.916099284	1.083141162	2.107249352
0.2	1.834871759	1.12136379	2.025778399
0.25	1.746572547	1.16291409	1.937214566
0.3	1.654626418	1.206180492	1.844992886
0.35	1.562680289	1.249446894	1.752771207
0.4	1.474381077	1.290997193	1.664207374
0.45	1.393153552	1.329219822	1.582736421
0.5	1.321978191	1.362712279	0
0.55	1.263169026	1.390385667	0
0.6	1.218151503	1.411569226	0
0.65	1.18724033	1.426114865	0
0.7	1.169417333	1.4345017	0
0.75	1.162109306	1.437940584	0
0.8	1.160965864	1.438478644	0
0.85	1.162114278	1.439151208	0
0.9	1.169454081	1.443449737	0
0.95	1.187354575	1.453933095	0
1	1.218400154	1.472114823	0
