0	1.978573041	1.481914517	1.007915307
0.05	1.954753441	1.509801749	0.9811179
0.1	1.923636429	1.546232559	0.946110796
0.15	1.885976235	1.590323919	0.903742514
0.2	1.842997256	1.640642344	0.855390519
0.25	1.796276518	1.695341502	0.802828988
0.3	1.747626128	1.752299835	0.748096571
0.35	1.698975738	1.809258168	0.693364154
0.4	1.652255	1.863957326	0.640802623
0.45	1.609276021	1.914275751	0.592450629
0.5	1.571615827	1.958367112	0
0.55	1.540498815	1.994797922	0
0.6	1.516679215	2.022685154	0
0.65	1.500323545	2.041833854	0
0.7	1.490893069	2.052874756	0
0.75	1.487026257	2.057401897	0
0.8	1.486421241	2.05811023	0
0.85	1.485664825	2.05897583	0
0.9	1.480830375	2.064508102	0
0.95	1.469039998	2.078000343	0
1	1.448591452	2.101400503	0
