0	1.796591889	1.809110579	0.688781971
0.05	1.837964071	1.849819762	0.656405694
0.1	1.892011101	1.903000676	0.614110567
0.15	1.957422962	1.967364298	0.56292176
0.2	2.032073002	2.040818054	0.504503511
0.25	2.113222091	2.120666712	0.440999355
0.3	2.197722785	2.203813264	0.374872362
0.35	2.282223479	2.286959815	0.308745369
0.4	2.363372569	2.366808473	0.245241213
0.45	2.438022608	2.440262229	0.186822964
0.5	2.50343447	2.504625851	0
0.55	2.5574815	2.557806765	0
0.6	2.598853681	2.598515948	0
0.65	2.627261789	2.62646881	0
0.7	2.64364155	2.642586082	0
0.75	2.650357802	2.649194704	0
0.8	2.651408652	2.650228714	0
0.85	2.651779446	2.649108227	0
0.9	2.654149284	2.641946902	0
0.95	2.659928904	2.624481688	0
1	2.669952743	2.594191034	0
