0	8.6
0.05	9.5
0.1	9.2
0.15	6.5
0.2	8.3
0.25	9.9
0.3	5.7
0.35	8.4
0.4	8
0.45	5.9
0.5	5.5
0.55	9.9
0.6	7.7
0.65	8.1
0.7	5.6
0.75	6.6
0.8	7.9
0.85	9.8
0.9	5.3
0.95	9.1
1	8.5
1.05	6.5
1.1	5.5
1.15	8.9
1.2	5.1
1.25	8.1
1.3	5.6
1.35	6
1.4	6.7
1.45	7.3
1.5	9.6
1.55	8.7
1.6	9.1
1.65	9.3
1.7	9.8
1.75	6.5
1.8	9.9
1.85	5.4
1.9	5.1
1.95	8.8
2	5.6
2.05	6.8
2.1	8.6
2.15	6.4
2.2	6.2
2.25	6.4
2.3	7.6
2.35	8.5
2.4	5.9
2.45	6
2.5	9.7
2.55	6.6
2.6	10
2.65	6
2.7	9.6
2.75	8.3
2.8	8.9
2.85	8.1
2.9	9.2
2.95	6.3
3	8.6
3.05	7.5
3.1	9.2
3.15	5.2
3.2	9.1
3.25	5.3
3.3	9
3.35	6.9
3.4	6.2
3.45	5.4
3.5	7.3
3.55	7.5
3.6	7.8
3.65	5.9
3.7	6.8
3.75	9.6
3.8	8.9
3.85	9.8
3.9	7.4
3.95	8.4
4	6.4
4.05	9.3
4.1	7.1
4.15	7.4
4.2	9
4.25	6
4.3	5.3
4.35	5.8
4.4	6.3
4.45	6
4.5	9.2
4.55	7.6
4.6	8.7
4.65	7.4
4.7	5.9
4.75	7.7
4.8	7.6
4.85	6.1
4.9	9.5
4.95	8.3
5	7.8
