0	9.4
0.05	9.7
0.1	6.2
0.15	7.8
0.2	5.7
0.25	7.9
0.3	8.4
0.35	6.8
0.4	6.7
0.45	9.7
0.5	8.3
0.55	5.3
0.6	8.3
0.65	6.1
0.7	9.8
0.75	5.1
0.8	5.6
0.85	7.1
0.9	7.3
0.95	7.4
1	5.5
1.05	8.5
1.1	9.8
1.15	5.3
1.2	6.8
1.25	9.3
1.3	6.6
1.35	9.9
1.4	8
1.45	5.4
1.5	5.7
1.55	6.6
1.6	8.9
1.65	8.9
1.7	8.6
1.75	8.5
1.8	7.3
1.85	9.3
1.9	5.6
1.95	8.7
2	5.5
2.05	8.8
2.1	8.6
2.15	5.8
2.2	5.3
2.25	8
2.3	6.8
2.35	9.4
2.4	5.5
2.45	6.4
2.5	8.3
2.55	5.7
2.6	7.6
2.65	6
2.7	7.4
2.75	9.6
2.8	5.8
2.85	8
2.9	8.4
2.95	6.7
3	6.2
3.05	6.4
3.1	8.7
3.15	6.5
3.2	7.6
3.25	8.2
3.3	6.6
3.35	7.6
3.4	6.4
3.45	6
3.5	9.2
3.55	8.8
3.6	5.3
3.65	6.2
3.7	8.6
3.75	8.2
3.8	6.9
3.85	9.9
3.9	7.9
3.95	9.6
4	7.9
4.05	5
4.1	6.4
4.15	7.4
4.2	7
4.25	9.6
4.3	5.9
4.35	5.8
4.4	8
4.45	5.8
4.5	6.8
4.55	7
4.6	6.4
4.65	7.2
4.7	9.7
4.75	7.4
4.8	9.3
4.85	5.6
4.9	10
4.95	8.8
5	8.6
