0	9.7
0.05	6.4
0.1	6
0.15	8.3
0.2	9.2
0.25	7.7
0.3	8.7
0.35	5.2
0.4	6.3
0.45	8.3
0.5	5.7
0.55	8
0.6	7.2
0.65	7.7
0.7	7.1
0.75	7.4
0.8	6.7
0.85	5.3
0.9	9.5
0.95	8.8
1	6.4
1.05	10
1.1	9.6
1.15	6.1
1.2	8.5
1.25	9.6
1.3	6.5
1.35	9.8
1.4	5.3
1.45	5.9
1.5	8.6
1.55	7.1
1.6	6.9
1.65	5.3
1.7	6.8
1.75	5.5
1.8	9.4
1.85	9.1
1.9	6
1.95	5.9
2	8
2.05	6.9
2.1	7.9
2.15	5.9
2.2	9
2.25	9.7
2.3	7.2
2.35	9.1
2.4	5.5
2.45	7
2.5	7.8
2.55	6.3
2.6	9.3
2.65	6.2
2.7	7.4
2.75	5.9
2.8	9.2
2.85	5.1
2.9	8.4
2.95	8.7
3	8.7
3.05	9.2
3.1	6.1
3.15	7.9
3.2	5.5
3.25	5.6
3.3	7.7
3.35	7.6
3.4	5.2
3.45	9.1
3.5	9.2
3.55	7.3
3.6	9.5
3.65	6.9
3.7	7.9
3.75	8.1
3.8	9.9
3.85	9.6
3.9	9
3.95	8.5
4	6.1
4.05	8.1
4.1	7.7
4.15	6.1
4.2	8.7
4.25	7.7
4.3	8.3
4.35	8.9
4.4	8.2
4.45	6.4
4.5	7.7
4.55	7.2
4.6	7.9
4.65	7.4
4.7	5
4.75	8
4.8	7.4
4.85	6.8
4.9	9
4.95	6.3
5	5
