0	8.2
0.05	5.2
0.1	9.1
0.15	8.7
0.2	5.2
0.25	5.1
0.3	8.5
0.35	9.3
0.4	6.5
0.45	7.5
0.5	9.8
0.55	6
0.6	8.4
0.65	6.1
0.7	8.9
0.75	7.3
0.8	5.9
0.85	10
0.9	10
0.95	8.4
1	9.5
1.05	6.7
1.1	9.7
1.15	6.1
1.2	10
1.25	5.7
1.3	8.4
1.35	5.7
1.4	9
1.45	7.7
1.5	6.2
1.55	5.6
1.6	8.4
1.65	8.3
1.7	6.8
1.75	7.1
1.8	8.2
1.85	8.7
1.9	7.7
1.95	8.3
2	9.2
2.05	8.7
2.1	6.2
2.15	5.7
2.2	5.2
2.25	5.4
2.3	5.7
2.35	6.2
2.4	7.6
2.45	5.6
2.5	8.9
2.55	9.4
2.6	7.5
2.65	6.6
2.7	5.2
2.75	6.5
2.8	7.7
2.85	8.6
2.9	5
2.95	8.6
3	6.1
3.05	8.2
3.1	6.2
3.15	9.3
3.2	8.6
3.25	9.3
3.3	6.7
3.35	7.2
3.4	5.3
3.45	8.3
3.5	8.9
3.55	7.7
3.6	5.2
3.65	8
3.7	7.2
3.75	8.5
3.8	5.2
3.85	5.4
3.9	6.7
3.95	9.7
4	5.8
4.05	5.7
4.1	8.5
4.15	5.5
4.2	8.3
4.25	5.9
4.3	8.9
4.35	7.2
4.4	8.8
4.45	8.8
4.5	7.1
4.55	6.7
4.6	5.8
4.65	6.5
4.7	8.6
4.75	8.2
4.8	9.9
4.85	6.4
4.9	9
4.95	6.6
5	8.8
